500
344 6 10
34 377 10
63 143 10
465 90 10
397 308 10
43 26 10
134 175 10
199 462 10
399 416 10
145 469 10
78 218 10
185 114 10
441 331 10
412 401 10
310 282 10
142 70 10
368 47 10
342 62 10
406 91 10
214 176 10
420 409 10
167 262 10
43 473 10
1 462 10
487 85 10
414 443 10
95 31 10
457 393 10
210 227 10
88 311 10
40 445 10
70 213 10
304 145 10
459 346 10
475 330 10
116 332 10
31 486 10
451 417 10
184 458 10
453 83 10
199 66 10
53 311 10
458 183 10
269 93 10
281 348 10
104 368 10
295 194 10
305 366 10
11 485 10
428 417 10
459 145 10
105 78 10
334 94 10
453 15 10
411 283 10
35 292 10
198 399 10
257 46 10
64 169 10
211 194 10
89 486 10
84 232 10
462 405 10
34 127 10
30 11 10
123 255 10
401 225 10
382 471 10
413 188 10
2 332 10
407 103 10
119 277 10
303 203 10
129 303 10
15 231 10
297 361 10
240 317 10
67 304 10
485 282 10
293 387 10
136 156 10
122 214 10
383 440 10
21 423 10
484 448 10
449 450 10
326 334 10
279 313 10
326 453 10
341 360 10
358 113 10
320 388 10
43 264 10
303 79 10
27 75 10
168 260 10
128 294 10
399 78 10
486 450 10
253 136 10
96 383 10
87 144 10
307 83 10
435 487 10
251 321 10
476 337 10
464 86 10
163 334 10
121 401 10
245 230 10
286 252 10
253 184 10
124 389 10
32 322 10
418 478 10
308 466 10
30 403 10
147 393 10
391 93 10
458 408 10
356 194 10
304 246 10
262 408 10
424 186 10
55 416 10
360 229 10
162 83 10
62 111 10
345 297 10
20 177 10
23 39 10
167 229 10
360 351 10
273 231 10
257 443 10
229 247 10
82 24 10
209 431 10
188 397 10
385 477 10
338 460 10
288 60 10
172 275 10
184 97 10
245 119 10
1 248 10
139 171 10
224 66 10
182 376 10
71 381 10
0 121 10
173 468 10
447 25 10
162 89 10
434 456 10
381 442 10
29 455 10
340 465 10
396 314 10
458 405 10
423 70 10
417 134 10
149 262 10
150 265 10
397 450 10
105 15 10
363 326 10
289 408 10
18 300 10
365 288 10
472 379 10
406 415 10
489 40 10
210 473 10
446 432 10
389 477 10
95 315 10
213 65 10
286 303 10
303 50 10
321 315 10
284 174 10
152 135 10
416 227 10
165 259 10
183 247 10
89 212 10
191 184 10
119 354 10
350 150 10
186 262 10
406 390 10
433 381 10
480 315 10
49 354 10
418 330 10
249 65 10
119 137 10
74 233 10
454 454 10
270 416 10
320 264 10
122 95 10
371 466 10
483 97 10
222 209 10
433 75 10
337 423 10
157 34 10
368 334 10
193 486 10
424 47 10
374 272 10
235 237 10
353 194 10
86 163 10
284 255 10
319 66 10
194 20 10
151 264 10
478 63 10
353 474 10
484 397 10
431 193 10
382 465 10
312 21 10
378 82 10
153 354 10
486 63 10
423 252 10
422 186 10
99 307 10
208 343 10
474 215 10
22 425 10
362 449 10
113 247 10
297 472 10
41 419 10
166 391 10
177 462 10
70 115 10
145 407 10
33 282 10
246 118 10
463 418 10
475 106 10
431 171 10
14 58 10
484 211 10
412 429 10
419 311 10
318 440 10
366 423 10
317 458 10
52 28 10
311 41 10
470 268 10
231 35 10
487 477 10
137 123 10
34 266 10
243 460 10
402 182 10
147 107 10
285 399 10
79 347 10
17 28 10
424 308 10
88 239 10
165 115 10
126 266 10
201 249 10
346 240 10
131 167 10
322 153 10
383 129 10
331 421 10
323 440 10
475 442 10
336 215 10
429 406 10
224 287 10
171 13 10
4 94 10
328 202 10
408 131 10
279 50 10
237 462 10
211 265 10
134 48 10
250 313 10
69 111 10
334 10 10
235 23 10
255 376 10
449 167 10
317 472 10
349 295 10
385 257 10
32 55 10
429 35 10
28 477 10
101 364 10
206 87 10
137 332 10
60 192 10
479 79 10
126 385 10
436 157 10
3 83 10
262 394 10
484 104 10
322 269 10
54 66 10
267 82 10
245 265 10
319 215 10
49 309 10
342 103 10
4 208 10
202 408 10
25 135 10
77 378 10
45 335 10
121 41 10
464 437 10
163 101 10
31 461 10
322 252 10
199 271 10
181 458 10
378 392 10
362 249 10
196 215 10
71 233 10
396 51 10
442 144 10
62 464 10
149 69 10
450 35 10
126 113 10
199 137 10
90 335 10
214 57 10
192 380 10
92 20 10
314 374 10
430 471 10
213 294 10
91 354 10
98 164 10
267 470 10
326 436 10
263 103 10
451 345 10
11 264 10
424 455 10
11 456 10
33 27 10
427 23 10
285 469 10
313 261 10
420 345 10
78 442 10
90 212 10
231 446 10
113 37 10
441 106 10
464 244 10
228 195 10
341 112 10
321 118 10
217 264 10
248 411 10
448 457 10
287 77 10
327 162 10
347 65 10
169 471 10
457 56 10
449 42 10
174 459 10
35 272 10
376 30 10
479 224 10
76 372 10
334 88 10
444 405 10
385 7 10
324 126 10
193 381 10
283 460 10
409 330 10
47 408 10
224 144 10
79 254 10
29 86 10
105 359 10
318 66 10
196 110 10
227 345 10
281 9 10
71 131 10
97 84 10
363 353 10
32 309 10
341 379 10
195 473 10
137 168 10
368 122 10
375 287 10
9 473 10
469 459 10
445 473 10
419 211 10
43 148 10
112 19 10
479 97 10
409 350 10
180 103 10
479 252 10
145 272 10
34 70 10
419 45 10
86 33 10
141 270 10
186 390 10
275 268 10
105 380 10
17 276 10
456 127 10
56 302 10
296 163 10
22 20 10
258 440 10
76 161 10
408 186 10
426 456 10
178 108 10
335 197 10
167 370 10
4 192 10
77 253 10
447 294 10
384 164 10
333 201 10
488 117 10
94 201 10
297 485 10
85 355 10
261 161 10
456 477 10
94 275 10
204 362 10
185 164 10
280 32 10
173 138 10
331 439 10
404 241 10
267 426 10
117 125 10
291 352 10
191 386 10
308 441 10
240 294 10
232 332 10
463 14 10
182 358 10
340 193 10
279 429 10
320 252 10
168 74 10
467 291 10
437 171 10
393 485 10
479 320 10
45 347 10
92 29 10
133 415 10
102 51 10
79 476 10
53 9 10
231 89 10
478 6 10
178 134 10
127 442 10
198 73 10
279 143 10
231 25 10
126 174 10
489 116 10
328 477 10
56 268 10
225 199 10
251 376 10
190 51 10
69 175 10
316 266 10
17 310 10
446 386 10
486 245 10
209 102 10
482 375 10
70 134 10
9 451 10
115 216 10
426 272 10
179 325 10
295 279 10
417 377 10
321 336 10
318 446 10
79 152 10
58 401 10
47 449 10
172 377 10
150 189 10
44 338 10
482 34 10
459 294 10
228 353 10
135 215 10
483 152 10
369 317 10
170 51 10
414 118 10
456 259 10
415 202 10
92 229 10
43 310 10
171 52 10
296 390 10
66 438 10
1 280 10
203 365 10
424 89 10
144 85 10
215 407 10
212 349 10
403 452 10
456 414 10
213 243 10
193 58 10
374 448 10
472 31 10
87 125 10
369 376 10
84 408 10
307 351 10
1 108 10
206 306 10
385 191 10
40 453 10
145 92 10
193 2 10
114 408 10
383 149 10
162 234 10
326 18 10
157 377 10
198 139 10
414 56 10
137 482 10
269 185 10
112 160 10
223 273 10
403 366 10
343 80 10
127 95 10
132 330 10
299 3 10
126 373 10
307 174 10
370 258 10
240 27 10
161 347 10
264 336 10
59 7 10
289 34 10
217 313 10
240 228 10
382 239 10
297 13 10
197 148 10
297 292 10
441 311 10
216 295 10
88 298 10
161 403 10
211 342 10
237 352 10
132 9 10
141 456 10
221 146 10
101 445 10
281 6 10
346 152 10
305 298 10
110 417 10
41 335 10
451 97 10
460 362 10
254 156 10
197 304 10
138 214 10
185 338 10
365 56 10
442 23 10
169 159 10
60 265 10
188 188 10
126 416 10
177 40 10
444 90 10
10 278 10
210 299 10
108 254 10
237 291 10
188 324 10
214 23 10
230 3 10
79 15 10
449 221 10
82 270 10
383 244 10
95 347 10
421 94 10
40 393 10
453 75 10
9 83 10
338 460 10
150 403 10
120 64 10
117 174 10
300 2 10
407 433 10
131 472 10
271 155 10
130 148 10
429 244 10
455 443 10
252 229 10
77 352 10
344 135 10
210 433 10
214 365 10
370 303 10
179 364 10
36 179 10
70 304 10
320 301 10
457 283 10
187 313 10
435 0 10
298 375 10
467 288 10
271 347 10
239 330 10
475 302 10
159 376 10
227 141 10
188 91 10
259 359 10
340 249 10
459 179 10
225 394 10
408 407 10
130 424 10
83 272 10
368 356 10
208 272 10
160 401 10
60 190 10
298 230 10
409 53 10
199 53 10
3 212 10
395 120 10
276 462 10
174 106 10
30 88 10
240 283 10
466 388 10
339 368 10
8 479 10
39 92 10
32 417 10
375 218 10
406 364 10
446 435 10
238 446 10
213 231 10
396 209 10
316 66 10
36 187 10
92 459 10
115 35 10
215 83 10
119 477 10
447 325 10
37 20 10
186 46 10
50 26 10
392 157 10
164 106 10
406 297 10
95 137 10
258 346 10
355 349 10
255 52 10
30 65 10
148 50 10
98 44 10
356 143 10
18 366 10
124 123 10
51 326 10
183 354 10
452 72 10
91 396 10
154 266 10
352 271 10
428 52 10
435 296 10
6 215 10
294 362 10
264 97 10
300 368 10
373 103 10
160 0 10
474 325 10
384 201 10
400 193 10
172 181 10
163 111 10
141 107 10
482 195 10
385 39 10
232 91 10
15 413 10
155 225 10
185 225 10
295 477 10
443 0 10
2 456 10
30 336 10
298 55 10
339 243 10
11 97 10
205 106 10
67 281 10
197 117 10
174 50 10
403 314 10
302 336 10
338 480 10
304 196 10
167 367 10
37 90 10
56 86 10
338 475 10
349 386 10
219 465 10
402 233 10
250 323 10
411 340 10
41 354 10
285 362 10
67 261 10
339 284 10
246 457 10
458 219 10
3 182 10
376 489 10
253 41 10
394 448 10
269 285 10
101 191 10
112 397 10
53 294 10
342 19 10
458 487 10
131 286 10
254 450 10
32 395 10
169 104 10
167 129 10
413 82 10
290 263 10
455 353 10
315 372 10
324 99 10
315 166 10
323 190 10
71 424 10
8 380 10
222 212 10
53 123 10
392 261 10
195 53 10
457 327 10
479 436 10
8 149 10
42 52 10
396 355 10
281 288 10
479 436 10
294 437 10
316 309 10
425 425 10
253 353 10
422 1 10
42 234 10
115 132 10
168 324 10
368 234 10
129 79 10
189 74 10
443 155 10
22 42 10
248 360 10
485 447 10
42 110 10
37 274 10
317 198 10
27 444 10
379 103 10
172 352 10
90 210 10
287 154 10
132 364 10
253 221 10
321 369 10
386 277 10
264 107 10
433 436 10
258 406 10
350 206 10
472 453 10
225 141 10
387 173 10
5 18 10
133 73 10
370 40 10
156 213 10
54 102 10
161 370 10
118 351 10
77 97 10
113 262 10
103 452 10
26 438 10
24 310 10
323 433 10
454 437 10
122 346 10
127 432 10
370 219 10
199 427 10
253 212 10
477 280 10
3 139 10
300 388 10
351 221 10
127 90 10
391 80 10
73 70 10
211 432 10
97 422 10
121 0 10
440 421 10
303 357 10
344 442 10
243 279 10
40 305 10
330 326 10
484 68 10
191 62 10
416 466 10
327 248 10
151 88 10
7 305 10
308 177 10
384 338 10
393 424 10
15 449 10
306 390 10
443 455 10
327 286 10
261 103 10
345 54 10
481 302 10
396 266 10
339 309 10
232 376 10
276 345 10
198 453 10
316 401 10
373 191 10
338 201 10
344 390 10
394 78 10
199 188 10
312 3 10
395 270 10
197 24 10
19 27 10
379 51 10
177 348 10
438 429 10
132 391 10
394 373 10
384 315 10
161 133 10
54 420 10
424 375 10
328 170 10
31 402 10
242 168 10
292 359 10
18 9 10
431 102 10
341 433 10
77 461 10
428 440 10
46 403 10
197 175 10
229 326 10
192 230 10
315 15 10
92 428 10
306 61 10
409 435 10
139 469 10
408 483 10
461 209 10
0 30 10
425 367 10
454 280 10
95 134 10
376 262 10
140 428 10
193 215 10
425 77 10
48 392 10
246 257 10
346 458 10
226 114 10
204 231 10
259 131 10
273 408 10
425 141 10
463 198 10
226 188 10
238 95 10
308 130 10
58 208 10
409 38 10
224 381 10
11 421 10
451 483 10
90 156 10
398 401 10
89 347 10
384 246 10
29 453 10
72 18 10
314 468 10
77 394 10
349 131 10
387 84 10
197 260 10
27 72 10
484 60 10
273 71 10
93 131 10
381 412 10
442 477 10
362 411 10
447 333 10
350 67 10
112 137 10
1 335 10
206 53 10
444 425 10
286 44 10
387 453 10
430 60 10
189 201 10
14 33 10
159 89 10
137 12 10
452 338 10
243 445 10
372 317 10
378 376 10
463 175 10
440 303 10
205 377 10
