256
151 144 10
134 36 10
61 97 10
132 193 10
73 14 10
15 16 10
192 229 10
55 148 10
86 39 10
197 214 10
118 12 10
184 236 10
200 225 10
108 98 10
124 166 10
101 123 10
114 110 10
183 199 10
36 79 10
243 206 10
203 125 10
201 150 10
40 163 10
145 178 10
229 221 10
34 34 10
24 88 10
243 232 10
59 63 10
77 28 10
188 203 10
62 115 10
146 143 10
196 0 10
176 37 10
87 178 10
138 133 10
36 167 10
149 185 10
85 15 10
156 108 10
104 179 10
178 78 10
23 135 10
14 37 10
140 53 10
47 212 10
92 74 10
187 63 10
28 19 10
229 231 10
42 105 10
35 242 10
36 180 10
203 104 10
159 209 10
30 138 10
193 98 10
158 177 10
120 127 10
238 119 10
139 152 10
97 176 10
42 73 10
212 74 10
125 105 10
216 10 10
13 146 10
3 28 10
157 30 10
49 139 10
151 52 10
6 146 10
100 124 10
3 54 10
8 238 10
225 243 10
20 118 10
216 185 10
151 228 10
70 99 10
198 228 10
73 204 10
205 32 10
211 7 10
120 120 10
11 2 10
129 166 10
84 152 10
45 221 10
191 150 10
188 85 10
84 42 10
75 199 10
180 184 10
198 28 10
204 44 10
231 165 10
183 172 10
75 204 10
